{
  "bounds_world": {
    "x": {
      "min": -282.9401460341138,
      "max": 268.38788857000407
    },
    "y": {
      "min": -263.25988382515385,
      "max": 390.2436283101529
    },
    "z": {
      "min": -57.55508010876675,
      "max": 41.86124096939962
    }
  },
  "unique_cuboid_labels": [
    "Animals - Other",
    "Bicycle",
    "Bus",
    "Car",
    "Cones",
    "Construction Signs",
    "Emergency Vehicle",
    "Medium-sized Truck",
    "Motorcycle",
    "Motorized Scooter",
    "Other Vehicle - Construction Vehicle",
    "Other Vehicle - Pedicab",
    "Other Vehicle - Uncommon",
    "Pedestrian",
    "Pedestrian with Object",
    "Personal Mobility Device",
    "Pickup Truck",
    "Pylons",
    "Rolling Containers",
    "Semi-truck",
    "Signs",
    "Temporary Construction Barriers",
    "Towed Object",
    "Train",
    "Tram / Subway"
  ],
  "extrinsics_cam_from_lidar": {
    "back_camera": {
      "lidar_0": {
        "count": 800,
        "t_mean": [
          0.007979043760130781,
          1.6558137460763127,
          -1.0972076684550347
        ],
        "t_std": [
          0.010102537003355588,
          0.0058221880027320904,
          0.31918267518038845
        ],
        "q_mean_wxyz": [
          0.013212433345043526,
          0.010683570522471828,
          -0.705878538352728,
          0.7081290715815942
        ],
        "rot_mean_err_deg": 0.20407083664206124,
        "rot_std_deg": 0.1482121644263647,
        "trans_err_norm_mean": 0.26060572678893124,
        "trans_err_norm_std": 0.18465696419893174,
        "T_cam_from_lidar": [
          [
            -0.9994225858519885,
            -0.033794822605500145,
            -0.0035220525248554103,
            0.007979043760130781
          ],
          [
            0.0036296100263373317,
            -0.0031218413962383895,
            -0.9999885399530105,
            1.6558137460763127
          ],
          [
            0.03378344002587326,
            -0.9994239160993496,
            0.0032427008278154146,
            -1.0972076684550347
          ],
          [
            0.0,
            0.0,
            0.0,
            1.0
          ]
        ]
      },
      "lidar_1": {
        "count": 800,
        "t_mean": [
          0.007979043760130781,
          1.6558137460763127,
          -1.0972076684550347
        ],
        "t_std": [
          0.010102537003355588,
          0.0058221880027320904,
          0.31918267518038845
        ],
        "q_mean_wxyz": [
          0.013212433345043526,
          0.010683570522471828,
          -0.705878538352728,
          0.7081290715815942
        ],
        "rot_mean_err_deg": 0.20407083664206124,
        "rot_std_deg": 0.1482121644263647,
        "trans_err_norm_mean": 0.26060572678893124,
        "trans_err_norm_std": 0.18465696419893174,
        "T_cam_from_lidar": [
          [
            -0.9994225858519885,
            -0.033794822605500145,
            -0.0035220525248554103,
            0.007979043760130781
          ],
          [
            0.0036296100263373317,
            -0.0031218413962383895,
            -0.9999885399530105,
            1.6558137460763127
          ],
          [
            0.03378344002587326,
            -0.9994239160993496,
            0.0032427008278154146,
            -1.0972076684550347
          ],
          [
            0.0,
            0.0,
            0.0,
            1.0
          ]
        ]
      }
    },
    "front_camera": {
      "lidar_0": {
        "count": 800,
        "t_mean": [
          -0.03934413942417223,
          1.8100807044792984,
          -0.43946226949552963
        ],
        "t_std": [
          0.001686729036738101,
          0.003759835208360737,
          0.15917392371632297
        ],
        "q_mean_wxyz": [
          0.7082734892040072,
          0.7058635408030891,
          0.009529648499077696,
          0.0038094691481542573
        ],
        "rot_mean_err_deg": 0.13805167918802908,
        "rot_std_deg": 0.08405659638400775,
        "trans_err_norm_mean": 0.1299813091345688,
        "trans_err_norm_std": 0.09196835696341904,
        "T_cam_from_lidar": [
          [
            0.9997893474885866,
            0.008056970853179187,
            0.018877125549651565,
            -0.03934413942417223
          ],
          [
            0.01884955487549212,
            0.0034842994194698163,
            -0.9998162600890983,
            1.8100807044792984
          ],
          [
            -0.008121264023666398,
            0.9999614716968983,
            0.0033316951288193675,
            -0.43946226949552963
          ],
          [
            0.0,
            0.0,
            0.0,
            1.0
          ]
        ]
      },
      "lidar_1": {
        "count": 800,
        "t_mean": [
          -0.03934413942417223,
          1.8100807044792984,
          -0.43946226949552963
        ],
        "t_std": [
          0.001686729036738101,
          0.003759835208360737,
          0.15917392371632297
        ],
        "q_mean_wxyz": [
          0.7082734892040072,
          0.7058635408030891,
          0.009529648499077696,
          0.0038094691481542573
        ],
        "rot_mean_err_deg": 0.13805167918802908,
        "rot_std_deg": 0.08405659638400775,
        "trans_err_norm_mean": 0.1299813091345688,
        "trans_err_norm_std": 0.09196835696341904,
        "T_cam_from_lidar": [
          [
            0.9997893474885866,
            0.008056970853179187,
            0.018877125549651565,
            -0.03934413942417223
          ],
          [
            0.01884955487549212,
            0.0034842994194698163,
            -0.9998162600890983,
            1.8100807044792984
          ],
          [
            -0.008121264023666398,
            0.9999614716968983,
            0.0033316951288193675,
            -0.43946226949552963
          ],
          [
            0.0,
            0.0,
            0.0,
            1.0
          ]
        ]
      }
    },
    "front_left_camera": {
      "lidar_0": {
        "count": 800,
        "t_mean": [
          -0.506243564920067,
          1.5337461403225325,
          -1.0858197321490906
        ],
        "t_std": [
          0.16380941528356213,
          0.004238139123377286,
          0.10344575018192308
        ],
        "q_mean_wxyz": [
          0.6195382662497569,
          0.6175778090779898,
          0.3415438639357638,
          -0.34368266670651804
        ],
        "rot_mean_err_deg": 0.15005322319010295,
        "rot_std_deg": 0.09570484736739705,
        "trans_err_norm_mean": 0.15816728134609062,
        "trans_err_norm_std": 0.11196258616635772,
        "T_cam_from_lidar": [
          [
            0.5304600272266495,
            0.8477089493298591,
            -0.0013025900233727405,
            -0.506243564920067
          ],
          [
            -0.003989304555938433,
            0.0009597486798524901,
            -0.9999915821303856,
            1.5337461403225325
          ],
          [
            -0.8477005632673972,
            0.5304607583116195,
            0.003890877484516553,
            -1.0858197321490906
          ],
          [
            0.0,
            0.0,
            0.0,
            1.0
          ]
        ]
      },
      "lidar_1": {
        "count": 800,
        "t_mean": [
          -0.506243564920067,
          1.5337461403225325,
          -1.0858197321490906
        ],
        "t_std": [
          0.16380941528356213,
          0.004238139123377286,
          0.10344575018192308
        ],
        "q_mean_wxyz": [
          0.6195382662497569,
          0.6175778090779898,
          0.3415438639357638,
          -0.34368266670651804
        ],
        "rot_mean_err_deg": 0.15005322319010295,
        "rot_std_deg": 0.09570484736739705,
        "trans_err_norm_mean": 0.15816728134609062,
        "trans_err_norm_std": 0.11196258616635772,
        "T_cam_from_lidar": [
          [
            0.5304600272266495,
            0.8477089493298591,
            -0.0013025900233727405,
            -0.506243564920067
          ],
          [
            -0.003989304555938433,
            0.0009597486798524901,
            -0.9999915821303856,
            1.5337461403225325
          ],
          [
            -0.8477005632673972,
            0.5304607583116195,
            0.003890877484516553,
            -1.0858197321490906
          ],
          [
            0.0,
            0.0,
            0.0,
            1.0
          ]
        ]
      }
    },
    "front_right_camera": {
      "lidar_0": {
        "count": 800,
        "t_mean": [
          0.6751842389855107,
          1.582692885422506,
          -1.1534909244610045
        ],
        "t_std": [
          0.10567897898499415,
          0.004183248551223773,
          0.06622204556048399
        ],
        "q_mean_wxyz": [
          0.6260431814516575,
          0.6132387056488499,
          -0.3410826582227044,
          0.3401041680305376
        ],
        "rot_mean_err_deg": 0.12463412005340783,
        "rot_std_deg": 0.07255051191527603,
        "trans_err_norm_mean": 0.10187200026506767,
        "trans_err_norm_std": 0.07206248016798354,
        "T_cam_from_lidar": [
          [
            0.5359835502959793,
            -0.8441699664531344,
            -0.00993486540580879,
            0.6751842389855107
          ],
          [
            0.007509615062093189,
            0.016534889564758126,
            -0.9998350879563591,
            1.582692885422506
          ],
          [
            0.8441950245611121,
            0.5358205531384508,
            0.01520182030771422,
            -1.1534909244610045
          ],
          [
            0.0,
            0.0,
            0.0,
            1.0
          ]
        ]
      },
      "lidar_1": {
        "count": 800,
        "t_mean": [
          0.6751842389855107,
          1.582692885422506,
          -1.1534909244610045
        ],
        "t_std": [
          0.10567897898499415,
          0.004183248551223773,
          0.06622204556048399
        ],
        "q_mean_wxyz": [
          0.6260431814516575,
          0.6132387056488499,
          -0.3410826582227044,
          0.3401041680305376
        ],
        "rot_mean_err_deg": 0.12463412005340783,
        "rot_std_deg": 0.07255051191527603,
        "trans_err_norm_mean": 0.10187200026506767,
        "trans_err_norm_std": 0.07206248016798354,
        "T_cam_from_lidar": [
          [
            0.5359835502959793,
            -0.8441699664531344,
            -0.00993486540580879,
            0.6751842389855107
          ],
          [
            0.007509615062093189,
            0.016534889564758126,
            -0.9998350879563591,
            1.582692885422506
          ],
          [
            0.8441950245611121,
            0.5358205531384508,
            0.01520182030771422,
            -1.1534909244610045
          ],
          [
            0.0,
            0.0,
            0.0,
            1.0
          ]
        ]
      }
    },
    "left_camera": {
      "lidar_0": {
        "count": 800,
        "t_mean": [
          0.10353541180833498,
          1.5768883604533455,
          -0.5621161887176277
        ],
        "t_std": [
          0.25940093101017714,
          0.006488509326330851,
          0.007430042755569862
        ],
        "q_mean_wxyz": [
          0.4982469431080762,
          0.486217072024669,
          0.5053045860758226,
          -0.5099119706831335
        ],
        "rot_mean_err_deg": 0.17672345175985285,
        "rot_std_deg": 0.12185893943231886,
        "trans_err_norm_mean": 0.21183284625668414,
        "trans_err_norm_std": 0.15004330889568582,
        "T_cam_from_lidar": [
          [
            -0.030685885110430577,
            0.9994995939390201,
            0.007677119949776712,
            0.10353541180833498
          ],
          [
            -0.016748728649324862,
            0.007165482051601946,
            -0.9998340542087969,
            1.5768883604533455
          ],
          [
            -0.9993887414533049,
            -0.030809374915794274,
            0.01652046832499876,
            -0.5621161887176277
          ],
          [
            0.0,
            0.0,
            0.0,
            1.0
          ]
        ]
      },
      "lidar_1": {
        "count": 800,
        "t_mean": [
          0.10353541180833498,
          1.5768883604533455,
          -0.5621161887176277
        ],
        "t_std": [
          0.25940093101017714,
          0.006488509326330851,
          0.007430042755569862
        ],
        "q_mean_wxyz": [
          0.4982469431080762,
          0.486217072024669,
          0.5053045860758226,
          -0.5099119706831335
        ],
        "rot_mean_err_deg": 0.17672345175985285,
        "rot_std_deg": 0.12185893943231886,
        "trans_err_norm_mean": 0.21183284625668414,
        "trans_err_norm_std": 0.15004330889568582,
        "T_cam_from_lidar": [
          [
            -0.030685885110430577,
            0.9994995939390201,
            0.007677119949776712,
            0.10353541180833498
          ],
          [
            -0.016748728649324862,
            0.007165482051601946,
            -0.9998340542087969,
            1.5768883604533455
          ],
          [
            -0.9993887414533049,
            -0.030809374915794274,
            0.01652046832499876,
            -0.5621161887176277
          ],
          [
            0.0,
            0.0,
            0.0,
            1.0
          ]
        ]
      }
    },
    "right_camera": {
      "lidar_0": {
        "count": 800,
        "t_mean": [
          0.4232225414802866,
          1.5417732881934016,
          -0.7325311661807505
        ],
        "t_std": [
          0.05923880392542597,
          0.0014962583993218658,
          0.0018257605678670813
        ],
        "q_mean_wxyz": [
          0.5115472533688464,
          0.5025069779316365,
          -0.48972989793696664,
          0.49595440492796455
        ],
        "rot_mean_err_deg": 0.10424835929728213,
        "rot_std_deg": 0.061829353105209914,
        "trans_err_norm_mean": 0.04842772928957244,
        "trans_err_norm_std": 0.03419887596427215,
        "T_cam_from_lidar": [
          [
            0.028387710598393845,
            -0.9995936093043094,
            -0.0025988699400524284,
            0.4232225414802866
          ],
          [
            0.015222845244014183,
            0.003031930725124976,
            -0.9998795289327382,
            1.5417732881934016
          ],
          [
            0.9994810667889905,
            0.028344728505694083,
            0.01530272839332436,
            -0.7325311661807505
          ],
          [
            0.0,
            0.0,
            0.0,
            1.0
          ]
        ]
      },
      "lidar_1": {
        "count": 800,
        "t_mean": [
          0.4232225414802866,
          1.5417732881934016,
          -0.7325311661807505
        ],
        "t_std": [
          0.05923880392542597,
          0.0014962583993218658,
          0.0018257605678670813
        ],
        "q_mean_wxyz": [
          0.5115472533688464,
          0.5025069779316365,
          -0.48972989793696664,
          0.49595440492796455
        ],
        "rot_mean_err_deg": 0.10424835929728213,
        "rot_std_deg": 0.061829353105209914,
        "trans_err_norm_mean": 0.04842772928957244,
        "trans_err_norm_std": 0.03419887596427215,
        "T_cam_from_lidar": [
          [
            0.028387710598393845,
            -0.9995936093043094,
            -0.0025988699400524284,
            0.4232225414802866
          ],
          [
            0.015222845244014183,
            0.003031930725124976,
            -0.9998795289327382,
            1.5417732881934016
          ],
          [
            0.9994810667889905,
            0.028344728505694083,
            0.01530272839332436,
            -0.7325311661807505
          ],
          [
            0.0,
            0.0,
            0.0,
            1.0
          ]
        ]
      }
    }
  }
}